0.245678
0.245678
0.212789
0.201795
0.19142
0.168858
0.157182
0.14597
0.121916
0.109782
0.0980541
0.0719911
0.0586234
0.0462608
0.0182739
0.00381861
-0.00764321
-0.0311313
-0.0423276
-0.0499519
-0.04654
-0.0538119
-0.0629041
-0.0756541
-0.0820095
-0.0832206
-0.0850916
-0.0862812
-0.0869373
-0.0878481
-0.0876452
-0.0860226
-0.0790089
-0.0752789
-0.0723605
-0.0648637
-0.061539
-0.0592365
-0.0548821
-0.0534986
-0.0530492
-0.05388
-0.055017
-0.0569305
-0.0630757
-0.0668487
-0.0706741
-0.0783556
-0.081085
-0.0820321
-0.0842979
-0.0853529
-0.085874
-0.0865278
-0.0870269
-0.0905034
-0.0897403
-0.0885174
-0.0883067
-0.0889499
-0.0889295
-0.0886503
-0.0831763
-0.0796315
-0.0764731
-0.068521
-0.0649505
-0.0625429
-0.0734508
-0.0692478
-0.0630331
-0.0584195
-0.0579307
-0.0584979
-0.061404
-0.0637947
-0.0668419
-0.0752248
-0.0777642
-0.0785928
-0.0811686
-0.0820916
-0.0828987
-0.0844758
-0.0850475
-0.0852508
-0.0855715
-0.0856754
-0.0856853
-0.0857585
-0.0856851
-0.0856788
-0.0840447
-0.0819418
-0.0792613
-0.0721538
-0.0686966
-0.0658839
-0.0597444
-0.0572587
-0.0555554
-0.0530258
-0.0523864
-0.0526371
-0.0548834
-0.056668
-0.0590356
-0.0659841
-0.0687732
-0.0706264
-0.0743761
-0.0760115
-0.0770809
-0.0789264
-0.0796334
-0.0800878
-0.0809621
-0.081305
-0.0814906
-0.0817782
-0.0818691
-0.08185
-0.0815136
-0.0807284
-0.0792848
-0.0743683
-0.0716005
-0.0689848
-0.0630705
-0.0603983
-0.0583021
-0.0545453
-0.0532238
-0.0525967
-0.0524684
-0.0532267
-0.0543074
-0.0577393
-0.0600811
-0.0620579
-0.065101
-0.0663192
-0.0672571
-0.0691297
-0.069876
-0.0704049
-0.0713142
-0.071657
-0.0718587
-0.0721482
-0.0722378
-0.0722511
-0.0722165
-0.0720005
-0.0714374
-0.0686528
-0.0668816
-0.0650233
-0.0605923
-0.058424
-0.0565008
-0.0527788
-0.0512519
-0.0501187
-0.0485588
-0.0482306
-0.0483346
-0.049455
-0.0503843
-0.0515767
-0.0533946
-0.0541581
-0.0547664
-0.055863
-0.0562949
-0.0566457
-0.0572557
-0.0574639
-0.0575838
-0.0577096
-0.057707
-0.0576561
-0.0574522
-0.0572987
-0.0571295
-0.0558132
-0.0548327
-0.0537224
-0.0509303
-0.0494757
-0.04809
-0.0452225
-0.0439216
-0.0428056
-0.0409015
-0.0401909
-0.0397028
-0.0392037
-0.039175
-0.0393044
-0.0398282
-0.0399685
-0.0400475
-0.0402155
-0.0401809
-0.0399772
-0.0398395
-0.0396636
-0.0393367
-0.0390162
-0.0386993
-0.0382587
-0.03759
-0.0373159
-0.0368877
-0.0358817
-0.0353369
-0.0346311
-0.0328922
-0.0319273
-0.0311068
-0.0292834
-0.0284171
-0.0276324
-0.0260175
-0.0252873
-0.0246438
-0.0234491
-0.0228667
-0.0223039
-0.0213498
-0.0208039
-0.0202468
-0.0191452
-0.0185345
-0.0179148
-0.0165953
-0.015916
-0.0152545
-0.0138969
-0.0131906
-0.0125299
-0.0111248
-0.0104288
-0.00977583
-0.00837594
-0.00772106
-0.00711522
-0.00599874
-0.00549821
-0.00504901
-0.00421531
-0.00383046
-0.00347445
-0.00276164
-0.00241001
-0.00206443
-0.00131439
-0.000909142
-0.000515189
0.000338766
0.000769227
0.00117226
0.0018508
0.00214541
0.00241842
0.00283445
0.00302647
0.00315145
0.00335649
0.00335812
0.00333684
0.00317303
0.00306164
0.00291077
0.00251987
0.0022904
0.00204539
0.00153546
0.00126447
0.0010087
0.000561173
0.000352092
0.000164653
-0.000203355
-0.000384251
-0.000559684
-0.000972557
-0.00119929
-0.00144335
-0.00202074
-0.00235411
-0.00270774
-0.00346426
-0.00381026
-0.00412417
-0.00472539
-0.00500085
-0.0052492
-0.00572227
-0.00593587
-0.00613785
-0.00644871
-0.00656364
-0.00663747
-0.00676193
-0.00677151
-0.0067718
-0.00664275
-0.00655021
-0.00642966
-0.00613391
-0.00595242
-0.00577905
-0.00538389
-0.00517324
-0.00497641
-0.00454308
-0.00431803
-0.00410027
-0.00357132
-0.00325627
-0.00293366
-0.00213942
-0.00172868
-0.00133285
-0.00029323
0.00023032
0.000866655
0.00209983
0.00284314
0.00351855
0.00503654
0.00580246
0.00655029
0.00839951
0.00926753
0.0103596
0.0123369
0.0134001
0.0142401
0.0157538
0.0163548
0.0169037
0.0177337
0.0182928
0.0189135
0.0198849
0.0205284
0.0214313
0.0231838
0.0245543
0.0259022
0.0293092
0.0311329
0.0330964
0.037282
0.0397179
0.0418419
0.0468366
0.0497376
0.0522188
0.058295
0.0610663
0.0644608
0.0711747
0.0745517
0.0784155
0.0860554
0.0899155
0.0938084
0.100329
0.103165
0.106253
0.111453
0.113599
0.116157
0.121017
0.123293
0.126235
0.132379
0.136306
0.140178
0.149334
0.154111
0.159506
0.17079
0.176126
0.181572
0.192219
0.197594
0.202731
0.213328
0.218185
0.222783
0.232131
0.236818
0.241045
0.248493
0.251973
0.255178
0.25973
0.261218
0.2621
0.262225
0.261795
0.261209
0.25881
0.257182
0.255258
0.250716
0.248104
0.245399
0.239196
0.235684
0.231904
0.223261
0.218472
0.213438
0.202188
0.196084
0.189828
0.176299
0.16915
0.162021
0.146784
0.138966
0.131345
0.115366
0.107343
0.0996938
0.0843245
0.0771466
0.0707129
0.0583436
0.0526699
0.0476698
0.0379498
0.0334526
0.0294386
0.0210825
0.0170745
0.0132755
0.00489231
0.000740314
-0.00324661
-0.0120404
-0.0160393
-0.0192984
-0.0256684
-0.0285322
-0.0309794
-0.0357263
-0.0378076
-0.039574
-0.0429544
-0.0443974
-0.0455685
-0.0477886
-0.0487231
-0.0495002
-0.0507641
-0.051003
-0.0508499
-0.0495902
-0.0486807
-0.0476662
-0.0452735
-0.0440926
-0.043039
-0.0411364
-0.0404071
-0.0399358
-0.0395179
-0.0396846
-0.0400253
-0.0412974
-0.0421745
-0.0428426
-0.044073
-0.0446363
-0.0451358
-0.0461737
-0.046622
-0.0470085
-0.0478464
-0.0481914
-0.0484592
-0.0489407
-0.0491417
-0.0492921
-0.0496335
-0.0496958
-0.0495886
-0.0485483
-0.0477676
-0.046863
-0.0446083
-0.0434432
-0.0423465
-0.0402338
-0.0393521
-0.0386595
-0.037716
-0.0375864
-0.0375896
-0.0382001
-0.0388762
-0.0396206
-0.041015
-0.0416866
-0.0424111
-0.0439244
-0.044614
-0.0453169
-0.046818
-0.0474826
-0.0480398
-0.0492419
-0.0498381
-0.0503877
-0.051665
-0.0523153
-0.0528839
-0.0528656
-0.0524286
-0.051725
-0.0496342
-0.0484328
-0.0472485
-0.0448081
-0.0437262
-0.0428497
-0.0415756
-0.0412574
-0.0413074
-0.0422024
-0.0431103
-0.0444207
-0.0475183
-0.048908
-0.0501099
-0.0527343
-0.0539672
-0.0551161
-0.0575181
-0.058598
-0.0596716
-0.0617472
-0.062634
-0.0633458
-0.0649598
-0.0657065
-0.0664341
-0.0671045
-0.0666938
-0.0657102
-0.0624763
-0.0605949
-0.0587495
-0.0547012
-0.0528899
-0.051447
-0.049059
-0.0482728
-0.0480941
-0.0489203
-0.0497466
-0.051028
-0.0550897
-0.0573058
-0.0589182
-0.0623354
-0.0638827
-0.0651403
-0.067899
-0.0690695
-0.0699485
-0.071537
-0.0721545
-0.0726333
-0.073777
-0.0743066
-0.0746719
-0.0751428
-0.0748203
-0.0739037
-0.070163
-0.0679472
-0.0657754
-0.0607209
-0.0583744
-0.0564372
-0.0529355
-0.0516607
-0.0509545
-0.0505245
-0.0511178
-0.0519887
-0.0550453
-0.0572079
-0.0590734
-0.0622292
-0.0635473
-0.0645766
-0.0667494
-0.0676673
-0.0683655
-0.0696587
-0.0701697
-0.0705326
-0.0711212
-0.0713624
-0.0714958
-0.0717867
-0.0717597
-0.0714436
-0.069043
-0.0673953
-0.0655959
-0.0612084
-0.0590272
-0.0570887
-0.053258
-0.0516727
-0.0504904
-0.0488547
-0.0484961
-0.0486417
-0.0497666
-0.0507816
-0.0521081
-0.0545824
-0.0555274
-0.0562709
-0.0577221
-0.0583389
-0.0588541
-0.0597869
-0.0601267
-0.0603538
-0.0607274
-0.0608381
-0.0608932
-0.0608911
-0.0608693
-0.0608118
-0.0596864
-0.0587214
-0.0575567
-0.0545566
-0.0529585
-0.0514439
-0.0482938
-0.0468686
-0.0456656
-0.0436606
-0.0429102
-0.0425284
-0.0421725
-0.0423265
-0.0427379
-0.0437934
-0.0441991
-0.0445082
-0.0450355
-0.0452344
-0.045373
-0.0455552
-0.0455995
-0.0456043
-0.0455027
-0.0454001
-0.0452672
-0.0449093
-0.0446922
-0.0444578
-0.0438633
-0.0432829
-0.0424466
-0.0406429
-0.0397129
-0.0387089
-0.0365949
-0.0355579
-0.0346073
-0.0327154
-0.0319342
-0.0313066
-0.0302179
-0.029924
-0.029608
-0.0290836
-0.0289421
-0.0286743
-0.028028
-0.0278036
-0.0274453
-0.0265475
-0.026135
-0.0256515
-0.0246957
-0.0241576
-0.0235877
-0.0224605
-0.0218532
-0.0212327
-0.01998
-0.0193041
-0.0186177
-0.017234
-0.0165596
-0.0158837
-0.0145876
-0.0139685
-0.013402
-0.0122154
-0.0116414
-0.0110634
-0.00991227
-0.00932974
-0.0087189
-0.00737855
-0.00671791
-0.00601268
-0.00465975
-0.00399289
-0.00335397
-0.00209195
-0.00148926
-0.000925193
0.000184795
0.000711347
0.00119928
0.00212654
0.00252194
0.00289506
0.00354481
0.0037962
0.00403711
0.00428514
0.00440326
0.0044218
0.0044159
0.00440247
0.00434828
0.0042233
0.00414254
0.0040315
0.00383637
0.00372544
0.00357614
0.00326942
0.003062
0.00284163
0.0022915
0.00198228
0.00164601
0.000815612
0.000388255
-3.33922e-05
-0.000929365
-0.00138808
-0.00183367
-0.00276958
-0.00324284
-0.00370634
-0.00472715
-0.00521927
-0.00569079
-0.00648697
-0.00679545
-0.00703375
-0.00736585
-0.00747435
-0.00754658
-0.00764879
-0.00769149
-0.00773697
-0.00789078
-0.00800299
-0.00815951
-0.00862044
-0.00888414
-0.00918868
-0.00991832
