0.208839
0.208839
0.208839
0.208839
0.208839
0.208839
0.208839
0.208839
0.208839
0.208839
0.208839
0.208839
0.208839
0.208839
0.208839
0.208839
0.208839
0.208839
0.208839
0.208839
0.208839
0.208839
0.208839
0.208839
0.208839
0.208839
0.208839
0.208839
0.208839
0.208839
0.208839
0.208839
0.208839
0.208839
0.208839
0.208839
0.208839
0.208839
0.208839
0.208839
0.208839
0.208839
0.208839
0.208839
0.208839
0.208839
0.208839
0.208839
0.208839
0.208839
0.208839
0.208839
0.208839
0.208839
0.208839
0.208839
0.208839
0.208839
0.208839
0.208839
0.208839
0.208839
0.208839
0.208839
0.208839
0.208839
0.208839
0.206302
0.195307
0.190779
0.180759
0.182671
0.174499
0.159608
0.143708
0.109827
0.0910129
0.072685
0.0340155
0.0156873
0.00130746
-0.0277754
-0.0397449
-0.0473894
-0.0623395
-0.0679895
-0.0710376
-0.0773823
-0.0797439
-0.0810204
-0.0833825
-0.0842765
-0.0847819
-0.0856169
-0.0858271
-0.0858571
-0.0857651
-0.0856562
-0.0854836
-0.0850519
-0.0847992
-0.084534
-0.0838909
-0.0835423
-0.0832067
-0.0824824
-0.082114
-0.0817769
-0.0809568
-0.0805246
-0.0801189
-0.0792026
-0.0787318
-0.0782952
-0.0773303
-0.0768444
-0.076391
-0.0753931
-0.0748862
-0.0744208
-0.0746489
-0.0723172
-0.0711141
-0.0731645
-0.0730753
-0.0731565
-0.0707821
-0.0714059
-0.0706135
-0.0685663
-0.0696418
-0.0681216
-0.0667542
-0.0662974
-0.0658136
-0.0644991
-0.0641295
-0.0637056
-0.0624108
-0.0619468
-0.0614755
-0.0606749
-0.0600865
-0.0592551
-0.0581338
-0.0577765
-0.0571742
-0.0577225
-0.057029
-0.0561106
-0.0567744
-0.0559957
-0.0549644
-0.0557646
-0.0549022
-0.0541429
-0.05395
-0.0530205
-0.0526501
-0.0512082
-0.0504975
-0.0498588
-0.0483802
-0.0475324
-0.0466323
-0.04504
-0.0443201
-0.0434872
-0.0417697
-0.0409983
-0.0401577
-0.0382812
-0.0373861
-0.0365103
-0.034731
-0.033873
-0.0329965
-0.031189
-0.0303283
-0.0294608
-0.0276803
-0.0268083
-0.025957
-0.0259836
-0.0259878
-0.0259907
-0.0241427
-0.0232539
-0.0224147
-0.0218614
-0.021027
-0.0202011
-0.0185528
-0.0177711
-0.0170388
-0.0155529
-0.0147929
-0.0141206
-0.0127536
-0.0121381
-0.0115533
-0.0103799
-0.00984599
-0.00933447
-0.00840401
-0.00795752
-0.00756052
-0.00680889
-0.00648447
-0.00623254
-0.00578759
-0.00568754
-0.00569335
-0.00555888
-0.0054801
-0.00548961
-0.00535909
-0.0052678
-0.00518395
-0.00507589
-0.00507931
-0.00509456
-0.0052422
-0.00534359
-0.00545283
-0.00568247
-0.00580485
-0.00593291
-0.00620236
-0.00634908
-0.00649315
-0.00679554
-0.00695428
-0.00709352
-0.00734351
-0.00745031
-0.00754106
-0.00769837
-0.00776118
-0.00781114
-0.00787062
-0.00780047
-0.0078731
-0.00791907
-0.00800411
-0.00791715
-0.00783944
-0.00787912
-0.0079028
-0.00786023
-0.00777489
-0.00777787
-0.00751376
-0.00740458
-0.00723077
-0.00707857
-0.00693811
-0.00673289
-0.00626491
-0.00597729
-0.00567321
-0.00496424
-0.00459269
-0.00417096
-0.00331079
-0.00280789
-0.0023411
-0.0013473
-0.000717998
-0.000150417
0.00121005
0.00185221
0.00257453
0.00410988
0.00492984
0.00579249
0.00742042
0.00845202
0.00851257
0.00877671
0.00983834
0.009898
0.0120364
0.0127989
0.0137494
0.0162063
0.0174575
0.0187005
0.0213598
0.0228812
0.0243697
0.0276479
0.0295455
0.031135
0.035065
0.0369197
0.0389581
0.0435887
0.0459449
0.0481862
0.0534204
0.0563427
0.0590087
0.0651093
0.0685247
0.0715398
0.0721227
0.0724479
0.0764265
0.0792115
0.0843162
0.0871932
0.0886015
0.094486
0.092146
0.0946544
0.10043
0.104019
0.112871
0.117019
0.121533
0.130968
0.129439
0.127604
0.137824
0.136113
0.134469
0.144986
0.143215
0.141519
0.152425
0.15073
0.14906
0.158235
0.158826
0.16522
0.177758
0.183758
0.189594
0.201608
0.205677
0.205622
0.205578
0.20557
0.205566
0.205572
0.213875
0.221385
0.220861
0.220932
0.220913
0.220899
0.220896
0.220895
0.220894
0.221149
0.226694
0.239307
0.24421
0.249222
0.259537
0.262405
0.262326
0.262263
0.262277
0.266214
0.272821
0.272687
0.272791
0.272304
0.277244
0.281948
0.281461
0.281348
0.283715
0.289173
0.290374
0.291419
0.292543
0.291859
0.291837
0.291851
0.290653
0.289016
0.284947
0.282093
0.278707
0.270566
0.265821
0.260733
0.248922
0.242329
0.235419
0.220152
0.214577
0.214687
0.210225
0.200516
0.19062
0.178024
0.178854
0.179334
0.159149
0.148746
0.138913
0.118319
0.108088
0.0984648
0.0785671
0.0689411
0.0602
0.0425546
0.0342416
0.0268609
0.0121293
0.00544447
-0.00024352
-0.0114234
-0.0164706
-0.0207069
-0.0289568
-0.0326109
-0.0356121
-0.0412944
-0.0437448
-0.0457547
-0.0495575
-0.0512235
-0.0525615
-0.0550854
-0.0561348
-0.056976
-0.0585763
-0.0592243
-0.0596992
-0.0606652
-0.0594299
-0.0600765
-0.0607821
-0.0610229
-0.0612113
-0.0615215
-0.0632988
-0.0636105
-0.0614286
-0.0615871
-0.0616875
-0.0616923
-0.0617051
-0.0617167
-0.0616757
-0.0615955
-0.0614907
-0.0623228
-0.0610997
-0.061168
-0.0608767
-0.0622387
-0.062511
-0.060899
-0.0594211
-0.0612232
-0.0619463
-0.0626972
-0.0613806
-0.0611388
-0.0598919
-0.0613952
-0.0606909
-0.0599031
-0.059379
-0.0594392
-0.0594184
-0.0593312
-0.0591137
-0.0590365
-0.0589751
-0.0588364
-0.0588292
-0.0588515
-0.0589025
-0.0589149
-0.058958
-0.0591147
-0.0592092
-0.0592794
-0.0593297
-0.0594394
-0.0595299
-0.059727
-0.0598912
-0.0600342
-0.0604003
-0.0605392
-0.0607583
-0.0611776
-0.0614076
-0.0616251
-0.0621127
-0.0623871
-0.0626138
-0.063211
-0.0635033
-0.0637431
-0.0642465
-0.0645481
-0.0648356
-0.0653664
-0.0657324
-0.0660809
-0.0667998
-0.0671195
-0.0675282
-0.0682731
-0.0685684
-0.0687879
-0.0692571
-0.0695809
-0.0698261
-0.0705269
-0.0708305
-0.0711384
-0.0717659
-0.0722438
-0.072582
-0.0731711
-0.073386
-0.073519
-0.0737653
-0.073989
-0.0742373
-0.074735
-0.0749239
-0.0750665
-0.0753806
-0.0756859
-0.0759733
-0.0763351
-0.0764277
-0.076475
-0.0764753
-0.0764472
-0.0765445
-0.0767011
-0.076766
-0.0767915
-0.0767964
-0.0768512
-0.0768621
-0.0770849
-0.0771199
-0.0771055
-0.0819453
-0.0795985
-0.0762381
-0.0815938
-0.0792175
-0.0759058
-0.0811396
-0.0788256
-0.0758256
-0.0779946
-0.0754371
-0.0761451
-0.078195
-0.0775646
-0.0771002
-0.0766564
-0.0764771
-0.0763208
-0.0759202
-0.0757523
-0.0755603
-0.0751102
-0.074869
-0.0746183
-0.074126
-0.0739096
-0.0737139
-0.0732478
-0.0729794
-0.0728005
-0.072367
-0.0721161
-0.0718992
-0.0713725
-0.0710838
-0.0708098
-0.0705614
-0.0684805
-0.067576
-0.0696006
-0.0690746
-0.0686095
-0.0683667
-0.0680631
-0.0677679
-0.0671834
-0.0668635
-0.0665422
-0.0658448
-0.0654864
-0.0651439
-0.064388
-0.0639944
-0.0636517
-0.0628992
-0.0625203
-0.062156
-0.0613853
-0.0610143
-0.0606676
-0.059867
-0.0596363
-0.0596887
-0.0567948
-0.0591352
-0.0569646
-0.0578826
-0.0541657
-0.0453258
-0.0454888
-0.0461175
-0.0466064
-0.0463997
-0.0468796
-0.0467309
-0.0464165
-0.0461607
-0.0459128
-0.0474535
-0.0456622
-0.0468311
-0.0454841
-0.0464255
-0.0459493
-0.0449426
-0.0444174
-0.044154
-0.0436463
-0.0433614
-0.0430672
-0.0424734
-0.0420974
-0.0416134
-0.0408623
-0.0403092
-0.0398707
-0.0390525
-0.0385189
-0.0379105
-0.036856
-0.0363812
-0.0358
-0.034583
-0.0340296
-0.0334003
-0.0319829
-0.0313268
-0.0306254
-0.0292292
-0.0284714
-0.027726
-0.026237
-0.025441
-0.0246605
-0.0230839
-0.0222612
-0.0214225
-0.0197231
-0.0188454
-0.0180043
-0.016275
-0.0153907
-0.0145606
-0.0128697
-0.0120006
-0.0111948
-0.00948954
-0.00865163
-0.00787551
-0.00627377
-0.00550052
-0.00477065
-0.00332049
-0.00262505
-0.00196967
-0.000683479
-8.44479e-05
0.000470054
0.0014988
0.00195722
0.00235393
0.00309928
0.00341023
0.00369218
0.00416359
0.00433592
0.00448065
0.0045819
0.00457785
0.00450695
0.00431655
0.00414864
0.00398623
0.00352306
0.00326446
0.00294662
0.00218166
0.00177839
0.00137285
0.000514277
7.57567e-05
-0.000354253
-0.00127878
-0.00175357
-0.00222574
-0.00324621
-0.00373997
-0.00420813
-0.00515029
-0.00561132
-0.00604352
-0.0069154
-0.00733941
-0.0077361
-0.00856466
-0.00895633
-0.00931364
-0.0100086
-0.0103282
-0.0106208
-0.0111807
-0.0114373
-0.0116702
-0.00896399
-0.00617984
-0.0036033
0.00106056
0.00315108
0.00229112
0.00864309
0.00775703
0.0116561
0.0120286
-1.07068
-0.981453
-0.842917
